<?xml version="1.0" encoding="UTF-8" standalone="no"?>
<!-- Created with Inkscape (http://www.inkscape.org/) -->

<svg
   width="1.4531265in"
   height="1.6779646in"
   viewBox="0 0 36.909414 42.6203"
   version="1.1"
   id="svg5"
   xmlns="http://www.w3.org/2000/svg"
   xmlns:svg="http://www.w3.org/2000/svg">
  <defs
     id="defs2" />
  <g
     id="layer1"
     transform="translate(-108.71941,-160.07066)">
    <g
       id="g100153"
       transform="translate(0,-14.022917)"
       style="fill:#306a3a;fill-opacity:1">
      <g
         id="g7566"
         style="fill:#306a3a;fill-opacity:1">
        <g
           id="g16872"
           style="fill:#306a3a;fill-opacity:1"
           transform="matrix(0.02367794,0,0,-0.02367794,-32.530162,314.96477)">
          <path
             d="m 6744.5,5694.41 c 0,0 -4.18,-2.71 -10.86,-7.37 h 21.79 c -6.75,4.66 -10.93,7.37 -10.93,7.37"
             style="fill:#306a3a;fill-opacity:1;fill-rule:nonzero;stroke:none"
             id="path78" />
          <path
             d="m 6744.87,5949.47 -779.42,-449.98 v -900.02 l 779.42,-450 779.39,450 v 900.02 z m 641.42,-1270.34 -641.42,-370.29 -641.41,370.29 v 740.69 l 641.41,370.32 641.42,-370.32 v -740.69"
             style="fill:#306a3a;fill-opacity:1;fill-rule:nonzero;stroke:none"
             id="path82" />
        </g>
      </g>
      <path
         id="rect1926"
         style="opacity:1;fill:#306a3a;fill-opacity:1;stroke-width:0.3924;stroke-linecap:round;stroke-linejoin:round;paint-order:stroke markers fill"
         d="m 127.17447,179.01479 -1.32002,0.76998 c -0.16091,1.16991 -0.14507,2.16839 -2.74221,3.58918 l -0.007,0.48083 c 2.72632,-0.30177 3.727,2.47096 4.07001,3.68498 0.34302,-1.21402 1.34371,-3.98675 4.07002,-3.68498 l -0.007,-0.48083 c -2.59713,-1.42079 -2.58129,-2.41927 -2.7422,-3.58918 z m -3.76455,5.45015 c -2.15422,-0.0232 -4.5884,2.74058 -5.01123,7.4273 3.56753,-0.31241 5.7069,1.41711 6.49095,3.58269 -2.56842,-4.35411 -7.59754,-2.77214 -8.38327,-3.15158 -0.34776,1.31282 0.75645,3.17024 1.78676,4.08364 -0.14247,-0.64445 -0.37036,-2.29697 -0.28786,-2.31955 -0.40718,-0.17924 -0.91681,-0.58965 -1.02598,-0.87494 0.5043,0.33029 0.98809,0.48149 1.47569,0.58309 0.11861,4.68659 2.62212,6.10168 0.0809,7.30917 -0.0995,1.56899 0.61182,5.05077 2.4185,6.62744 0.40428,-0.29638 1.22344,-0.94771 1.41842,-1.47894 -0.005,-2.3637 -0.10336,-6.03409 -0.0414,-6.81778 0.0232,-0.37313 -1.76553,-2.44627 -2.48036,-2.49418 -0.36648,-1.50069 0.44792,-1.87997 0.72762,-2.08545 0.48504,2.68211 3.05264,4.28788 5.25672,3.96711 0.65458,3.55857 1.27281,3.6231 1.33918,3.94697 0.0663,-0.32387 0.68459,-0.3884 1.33919,-3.94697 2.20407,0.32077 4.77168,-1.285 5.25671,-3.96711 0.2797,0.2055 1.09414,0.58476 0.72765,2.08545 -0.71482,0.048 -2.50363,2.12105 -2.48038,2.49418 0.062,0.78369 -0.0366,4.45408 -0.0415,6.81778 0.195,0.53123 1.01419,1.18256 1.41848,1.47894 1.80668,-1.57667 2.51794,-5.05845 2.41846,-6.62744 -2.54126,-1.20749 -0.0377,-2.62258 0.0809,-7.30917 0.48762,-0.1016 0.9714,-0.2528 1.47571,-0.58309 -0.10918,0.28529 -0.6188,0.6957 -1.02598,0.87494 0.0826,0.0226 -0.14542,1.6751 -0.28786,2.31955 1.03031,-0.9134 2.13452,-2.77082 1.78675,-4.08364 -0.78572,0.37944 -5.81484,-1.20253 -8.38327,3.15158 0.78407,-2.16558 2.92344,-3.8951 6.49095,-3.58269 -0.42282,-4.68672 -2.85702,-7.45049 -5.01123,-7.4273 -1.53524,0.0164 -3.00606,1.89941 -3.42748,4.42812 v 9.91246 l -0.33706,1.81468 -0.33706,-1.81468 v -9.91246 c -0.42143,-2.52871 -1.89223,-4.41159 -3.42749,-4.42812 z m 12.93374,9.6225 c -0.004,-9.6e-4 -0.007,5e-5 -0.0129,0.006 0.004,-0.002 0.008,-0.004 0.0129,-0.006 z m -9.16919,8.68249 c -0.007,0.0383 -0.008,0.0801 0,0.13173 z m -14.23949,-15.85165 c 0.0396,3.15625 0.88102,4.39529 3.05944,4.82244 -0.0316,-1.0904 -0.62947,-1.87694 -1.36344,-2.59045 1.0007,0.52854 1.64887,1.37685 1.85527,2.68243 l 0.80454,0.0377 c -0.35227,-3.32486 -3.37788,-3.18343 -4.35581,-4.9521 z m 28.47898,0 c -0.97793,1.76867 -4.0035,1.62723 -4.35578,4.95209 l 0.80451,-0.0377 c 0.2064,-1.30556 0.85461,-2.15389 1.8553,-2.68244 -0.73397,0.71353 -1.33183,1.50005 -1.36344,2.59046 2.17843,-0.42716 3.01983,-1.6662 3.05941,-4.82244 z m -28.22619,5.52897 c -0.14237,3.5093 2.03467,6.37811 3.78186,6.27733 -0.2116,-1.3087 -0.61211,-1.91164 -0.96275,-2.6287 1.49818,1.53172 1.95838,4.11173 0.48213,5.61112 0.15951,0.98312 0.41101,1.96623 0.82928,2.94935 -1.9492,-0.62587 -3.06122,-2.29469 -3.05138,-3.64654 0.33323,1.03637 0.63764,1.54321 1.23915,2.19269 1.16531,-1.59376 -0.23769,-4.68736 -2.25502,-6.25126 0.90034,2.17373 -0.92134,4.34367 1.27207,6.8671 0.8865,1.00443 2.94709,1.97906 4.3917,2.74668 -0.55798,-1.30858 -1.26661,-2.98179 -1.3237,-4.66477 0.36213,-0.83943 0.7328,-1.79009 0.63951,-3.12676 -0.40783,-4.24745 -3.91066,-4.06679 -5.04285,-6.32624 z m 27.9734,0 c -1.13219,2.25945 -4.63502,2.07879 -5.04286,6.32624 -0.0934,1.33667 0.27739,2.28733 0.63952,3.12676 -0.057,1.68298 -0.76573,3.35619 -1.3237,4.66477 1.44461,-0.76762 3.5052,-1.74225 4.3917,-2.74668 2.19341,-2.52343 0.37173,-4.69337 1.27207,-6.8671 -2.01733,1.56391 -3.42034,4.6575 -2.25502,6.25126 0.6015,-0.64948 0.90592,-1.15632 1.23914,-2.19269 0.009,1.35185 -1.10218,3.02067 -3.05137,3.64654 0.41826,-0.98312 0.66976,-1.96623 0.82928,-2.94935 -1.47626,-1.49939 -1.01606,-4.0794 0.48212,-5.61112 -0.35063,0.71706 -0.75115,1.32 -0.96274,2.6287 1.74719,0.10078 3.92422,-2.76803 3.78186,-6.27733 z m -20.69365,1.27086 c 2.45293,0.1375 3.85582,2.31517 4.34215,3.79146 -1.06261,0.0515 -3.10164,-0.45165 -3.51315,-3.24093 z m 13.41389,0 -0.829,0.55053 c -0.4115,2.78928 -2.45053,3.29239 -3.51314,3.24093 0.48633,-1.47629 1.88922,-3.65396 4.34214,-3.79146 z m -10.63026,6.45334 c -0.15127,2.44239 -0.20937,4.87973 2.14499,7.18668 -0.57521,-1.33423 -0.83203,-3.00061 -0.58334,-5.02822 z m 7.84664,0 -1.56165,2.15846 c 0.24869,2.02761 -0.007,3.69399 -0.58334,5.02822 2.35436,-2.30695 2.29627,-4.74429 2.14499,-7.18668 z" />
    </g>
  </g>
</svg>
